100000000000003 100000004 W 100000000000000 0 0 90000000003 20000000000 89997 1 1 7/3 1204_00:21:23.952710 0 1 903 0
100000000000000 100000008 W 100000000000000 0 0 90000000003 20000000001 89998 1 1 5/6 1204_00:21:23.952810 0 0 927 0
100000000000003 100000004 W 100000000000000 0 0 90000000003 20000000000 89997 1 1 7/3 1204_00:21:23.953710 0 1 903 0
100000000000003 100000004 W 100000000000000 0 0 90000000003 20000000002 89997 1 1 7/3 1204_00:21:23.953810 0 1 903 0
100000000000003 100000004 W 100000000000000 0 0 90000000003 20000000000 89997 1 1 7/3 1204_00:21:23.954710 0 1 903 0
100000000000000 100000008 W 100000000000000 0 0 90000000003 20000000003 89998 1 1 5/6 1204_00:21:23.954810 0 0 927 0
100000000000003 100000004 W 100000000000000 0 0 90000000003 20000000000 89997 1 1 7/3 1204_00:21:23.955710 0 1 903 0
100000000000003 100000004 W 100000000000000 0 0 90000000003 20000000011 89997 1 1 7/3 1204_00:21:23.955810 0 1 903 0
100000000000000 100000008 W 100000000000000 0 0 90000000003 20000000001 89998 1 1 5/6 1204_00:21:23.959710 0 0 927 0
100000000000003 100000004 W 100000000000000 0 0 90000000003 20000000004 89997 1 1 7/3 1204_00:21:23.959810 0 1 903 0
100000000000000 100000008 W 100000000000000 0 0 90000000003 20000000001 89998 1 1 5/6 1204_00:21:23.960710 0 0 927 0
100000000000003 100000004 W 100000000000000 0 0 90000000003 20000000007 89997 1 1 7/3 1204_00:21:23.960810 0 1 903 0
100000000000003 100000004 W 100000000000000 0 0 90000000003 20000000002 89997 1 1 7/3 1204_00:21:23.963710 0 1 903 0
100000000000003 100000004 W 100000000000000 0 0 90000000003 20000000010 89997 1 1 7/3 1204_00:21:23.963810 0 1 903 0
100000000000003 100000004 W 100000000000000 0 0 90000000003 20000000004 89997 1 1 7/3 1204_00:21:23.965710 0 1 903 0
100000000000003 100000004 W 100000000000000 0 0 90000000003 20000000005 89997 1 1 7/3 1204_00:21:23.965810 0 1 903 0
100000000000003 100000004 W 100000000000000 0 0 90000000003 20000000004 89997 1 1 7/3 1204_00:21:23.966710 0 1 903 0
100000000000003 100000004 W 100000000000000 0 0 90000000003 20000000006 89997 1 1 7/3 1204_00:21:23.966810 0 1 903 0
100000000000003 100000004 W 100000000000000 0 0 90000000003 20000000005 89997 1 1 7/3 1204_00:21:23.972710 0 1 903 0
100000000000003 100000004 W 100000000000000 0 0 90000000003 20000000009 89997 1 1 7/3 1204_00:21:23.972810 0 1 903 0
100000000000003 100000004 W 100000000000000 0 0 90000000003 20000000008 89997 1 1 7/3 1204_00:21:23.976710 0 1 903 0
100000000000003 100000004 W 100000000000000 0 0 90000000003 20000000009 89997 1 1 7/3 1204_00:21:23.976810 0 1 903 0